Valori medi: {'no_retrain':             Precision     F1    TNR    TPR
Date                                      
2017-04-01      0.996  0.990  0.996  0.984
2017-05-01      0.862  0.885  0.941  0.909
2017-06-01      1.000  0.943    NaN  0.893
2017-07-01      0.998  0.589  0.995  0.417
2017-08-01      1.000  0.512    NaN  0.344
2017-09-01      0.836  0.099  0.823  0.053
2017-10-01      1.000  0.013    NaN  0.006
2017-11-01      1.000  0.050    NaN  0.025
2017-12-01      1.000  0.994    NaN  0.990
2018-01-01      1.000  0.989    NaN  0.978
2018-02-01      1.000  0.013    NaN  0.006
2018-03-01      1.000  0.234    NaN  0.132
2018-04-01      0.999  0.340  0.998  0.207, 'cl':             Precision     F1    TNR    TPR
Date                                      
2017-04-01      0.996  0.990  0.996  0.985
2017-05-01      0.862  0.885  0.941  0.910
2017-06-01      1.000  0.964    NaN  0.931
2017-07-01      0.993  0.915  0.955  0.854
2017-08-01      1.000  0.519    NaN  0.351
2017-09-01      0.928  0.797  0.093  0.698
2017-10-01      1.000  0.055    NaN  0.028
2017-11-01      1.000  0.687    NaN  0.566
2017-12-01      1.000  0.978    NaN  0.957
2018-01-01      1.000  0.671    NaN  0.514
2018-02-01      1.000  0.038    NaN  0.019
2018-03-01      1.000  0.981    NaN  0.964
2018-04-01      0.999  0.991  0.999  0.983, 'cl_mu':             Precision     F1    TNR    TPR
Date                                      
2017-04-01      0.995  0.990  0.995  0.985
2017-05-01      0.863  0.886  0.942  0.910
2017-06-01      1.000  0.972    NaN  0.946
2017-07-01      0.992  0.939  0.946  0.893
2017-08-01      1.000  0.527    NaN  0.358
2017-09-01      0.928  0.798  0.094  0.699
2017-10-01      1.000  0.940    NaN  0.887
2017-11-01      1.000  0.887    NaN  0.798
2017-12-01      1.000  0.978    NaN  0.957
2018-01-01      1.000  0.850    NaN  0.748
2018-02-01      1.000  0.960    NaN  0.923
2018-03-01      1.000  0.935    NaN  0.878
2018-04-01      0.999  0.993  0.999  0.987}
[0.9744583333333332, 0.9817083333333333, 0.9816666666666666]
[0.4457083333333334, 0.6479999999999999, 0.8319166666666665]
[0.4988333333333333, 0.7067083333333334, 0.8886249999999999]



